1.000000 -0.000000 0.000000 0.000000 -0.000000 1.000000 -0.000000 0.000000 0.000000 0.000000 1.000000 0.000000
0.998761 0.001600 0.049730 0.050403 -0.001682 0.999997 0.001610 0.018288 -0.049727 -0.001691 0.998761 0.274709
0.994512 0.001624 0.104606 0.125089 -0.002051 0.999990 0.003977 0.051676 -0.104598 -0.004170 0.994506 0.567988
0.987851 -0.000218 0.155402 0.211178 -0.000903 0.999974 0.007139 0.076663 -0.155400 -0.007192 0.987825 0.828416
0.977182 -0.000632 0.212401 0.317315 -0.001896 0.999930 0.011700 0.096898 -0.212393 -0.011836 0.977113 1.102884
0.964249 0.000312 0.264999 0.429321 -0.004020 0.999901 0.013452 0.112421 -0.264968 -0.014036 0.964155 1.344650
0.948309 -0.001953 0.317343 0.557598 -0.002177 0.999917 0.012659 0.127331 -0.317342 -0.012696 0.948226 1.577143
0.929948 -0.004525 0.367662 0.699164 0.000969 0.999951 0.009857 0.143879 -0.367689 -0.008810 0.929907 1.799704
0.906974 -0.006051 0.421143 0.866964 0.003555 0.999971 0.006712 0.151226 -0.421171 -0.004591 0.906970 2.040991
0.884315 -0.006606 0.466844 1.030529 0.005069 0.999977 0.004548 0.169674 -0.466863 -0.001656 0.884328 2.254885
0.860082 -0.005024 0.510131 1.203107 0.004578 0.999987 0.002130 0.188501 -0.510135 0.000504 0.860094 2.465583
0.831222 -0.005101 0.555917 1.405914 0.005288 0.999985 0.001270 0.211823 -0.555915 0.001884 0.831237 2.688966
0.802478 -0.004392 0.596666 1.600241 0.004723 0.999988 0.001010 0.239157 -0.596663 0.002008 0.802489 2.882730
0.768262 -0.003796 0.640124 1.825869 0.004503 0.999990 0.000526 0.269432 -0.640120 0.002478 0.768271 3.085316
0.735251 -0.002547 0.677790 2.043251 0.004030 0.999992 -0.000614 0.279437 -0.677783 0.003183 0.735255 3.260443
0.699689 -0.003685 0.714438 2.275464 0.006138 0.999981 -0.000854 0.295141 -0.714421 0.004982 0.699698 3.423866
0.658604 -0.007184 0.752456 2.549099 0.010463 0.999945 0.000388 0.315455 -0.752417 0.007617 0.658643 3.592081
0.621584 -0.011747 0.783259 2.811864 0.016743 0.999858 0.001709 0.338732 -0.783169 0.012052 0.621693 3.736203
0.585865 -0.015915 0.810252 3.086227 0.021944 0.999752 0.003770 0.364220 -0.810112 0.015572 0.586069 3.875287
0.548609 -0.019411 0.835854 3.399571 0.025032 0.999664 0.006786 0.385107 -0.835704 0.017200 0.548910 4.029314
0.516993 -0.021394 0.855722 3.694370 0.025718 0.999625 0.009453 0.403511 -0.855603 0.017120 0.517349 4.165502
0.487419 -0.022532 0.872877 3.997542 0.025779 0.999603 0.011408 0.419899 -0.872788 0.016941 0.487806 4.299912
0.457539 -0.023910 0.888868 4.343658 0.026216 0.999567 0.013393 0.447141 -0.888803 0.017174 0.457967 4.440733
0.432703 -0.025110 0.901187 4.668140 0.027203 0.999521 0.014789 0.464996 -0.901126 0.018116 0.433178 4.564766
0.407518 -0.027097 0.912795 5.035077 0.028969 0.999440 0.016736 0.478446 -0.912737 0.019622 0.408075 4.694881
0.385973 -0.028145 0.922081 5.378363 0.030426 0.999379 0.017768 0.484983 -0.922008 0.021198 0.386590 4.812659
0.365641 -0.026998 0.930364 5.730107 0.032107 0.999350 0.016382 0.496427 -0.930202 0.023881 0.366270 4.927628
0.346226 -0.025272 0.937811 6.096500 0.035267 0.999281 0.013909 0.509770 -0.937488 0.028258 0.346868 5.038982
0.326283 -0.022932 0.944994 6.515569 0.038515 0.999198 0.010949 0.526313 -0.944487 0.032824 0.326905 5.159715
0.310089 -0.021151 0.950472 6.913493 0.041417 0.999104 0.008721 0.545027 -0.949805 0.036661 0.310687 5.266726
0.295618 -0.020202 0.955093 7.325004 0.043204 0.999036 0.007759 0.562169 -0.954329 0.038971 0.296205 5.375238
0.281602 -0.019948 0.959324 7.794711 0.043429 0.999024 0.008025 0.578748 -0.958548 0.039402 0.282194 5.498309
0.270341 -0.020989 0.962536 8.238622 0.042554 0.999046 0.009833 0.591691 -0.961824 0.038302 0.270977 5.612904
0.259881 -0.021760 0.965395 8.698070 0.042877 0.999020 0.010975 0.613455 -0.964688 0.038541 0.260559 5.725367
0.249744 -0.021739 0.968068 9.172680 0.044738 0.998939 0.010891 0.638816 -0.967278 0.040590 0.250452 5.831274
0.239624 -0.021118 0.970636 9.711606 0.047007 0.998843 0.010127 0.650835 -0.969727 0.043200 0.240340 5.945600
0.232004 -0.023620 0.972428 10.214958 0.047632 0.998782 0.012897 0.653385 -0.971548 0.043326 0.232846 6.049144
0.226474 -0.026633 0.973653 10.727323 0.047735 0.998728 0.016215 0.663537 -0.972847 0.042805 0.227457 6.158320
0.221578 -0.028430 0.974728 11.292663 0.048278 0.998669 0.018154 0.683703 -0.973947 0.043035 0.222656 6.281245
0.218550 -0.028943 0.975396 11.803191 0.048630 0.998641 0.018737 0.696604 -0.974613 0.043338 0.219660 6.392336
0.216486 -0.030287 0.975816 12.311885 0.048838 0.998603 0.020160 0.708257 -0.975064 0.043293 0.217662 6.504339
0.215487 -0.030940 0.976016 12.870083 0.049455 0.998561 0.020735 0.713255 -0.975254 0.043801 0.216707 6.627284
0.215092 -0.030458 0.976119 13.375860 0.050414 0.998527 0.020048 0.717143 -0.975292 0.044898 0.216311 6.737563
0.215547 -0.030253 0.976025 13.928445 0.052789 0.998419 0.019289 0.719934 -0.975066 0.047366 0.216803 6.856993
0.217042 -0.029845 0.975706 14.428134 0.053527 0.998393 0.018632 0.721191 -0.974694 0.048183 0.218291 6.969222
0.218479 -0.028635 0.975421 14.923182 0.053260 0.998429 0.017381 0.716110 -0.974387 0.048153 0.219661 7.084372
0.219850 -0.026743 0.975167 15.415906 0.052757 0.998487 0.015488 0.718462 -0.974106 0.048041 0.220928 7.198686
0.221620 -0.025235 0.974807 15.957058 0.052551 0.998521 0.013902 0.714960 -0.973716 0.048146 0.222618 7.324831
0.222839 -0.024203 0.974555 16.447925 0.053834 0.998472 0.012488 0.722391 -0.973368 0.049682 0.223802 7.434644
0.223758 -0.024101 0.974347 16.940815 0.055846 0.998369 0.011870 0.731611 -0.973044 0.051757 0.224739 7.541523
0.224831 -0.024942 0.974079 17.483985 0.057620 0.998263 0.012262 0.741352 -0.972693 0.053369 0.225877 7.664215
0.226010 -0.025478 0.973792 17.978013 0.058371 0.998216 0.012570 0.753245 -0.972375 0.054001 0.227094 7.778294
0.227165 -0.025081 0.973533 18.519796 0.057343 0.998278 0.012338 0.756281 -0.972167 0.053022 0.228213 7.907284
0.227816 -0.024618 0.973393 19.013768 0.057325 0.998285 0.011831 0.758847 -0.972015 0.053105 0.228836 8.023074
0.228304 -0.024958 0.973270 19.509655 0.058045 0.998242 0.011983 0.770941 -0.971858 0.053757 0.229351 8.135705
0.227852 -0.025939 0.973350 20.065539 0.059975 0.998121 0.012559 0.786932 -0.971847 0.055515 0.228980 8.261333
0.226109 -0.027201 0.973722 20.578026 0.062101 0.997979 0.013458 0.798147 -0.972120 0.057426 0.227341 8.375509
0.224017 -0.027137 0.974207 21.089833 0.061045 0.998040 0.013764 0.806367 -0.972672 0.056387 0.225235 8.492948
0.221297 -0.026489 0.974847 21.653371 0.058950 0.998166 0.013740 0.808498 -0.973423 0.054427 0.222453 8.622865
0.217602 -0.025480 0.975705 22.166120 0.058478 0.998204 0.013026 0.813029 -0.974284 0.054223 0.218701 8.735684
0.211694 -0.024352 0.977032 22.730478 0.060750 0.998084 0.011714 0.821790 -0.975446 0.056875 0.212768 8.851501
0.207034 -0.024412 0.978029 23.248164 0.065525 0.997790 0.011035 0.840902 -0.976137 0.061801 0.208176 8.954386
0.204928 -0.025830 0.978436 23.769685 0.068636 0.997570 0.011960 0.871015 -0.976368 0.064705 0.206202 9.067371
0.204606 -0.028148 0.978440 24.293334 0.069311 0.997494 0.014202 0.899578 -0.976388 0.064911 0.206044 9.189038
0.206142 -0.029767 0.978069 24.873803 0.069275 0.997473 0.015757 0.923799 -0.976067 0.064507 0.207683 9.321475
0.207972 -0.030397 0.977662 25.404964 0.068630 0.997507 0.016415 0.950109 -0.975724 0.063683 0.209540 9.447384
0.209658 -0.029063 0.977343 25.940825 0.068407 0.997545 0.014989 0.974340 -0.975379 0.063715 0.211131 9.571215
0.211019 -0.027520 0.977094 26.538371 0.068261 0.997578 0.013355 1.001862 -0.975096 0.063880 0.212387 9.710527
0.212110 -0.027017 0.976872 27.092171 0.067490 0.997636 0.012938 1.024041 -0.974913 0.063185 0.213432 9.837893
0.212259 -0.026361 0.976858 27.654871 0.066523 0.997707 0.012469 1.051547 -0.974947 0.062337 0.213526 9.966572
0.210666 -0.025060 0.977237 28.285481 0.065243 0.997803 0.011523 1.097592 -0.975379 0.061330 0.211838 10.108344
0.208740 -0.023790 0.977682 28.872720 0.064480 0.997864 0.010514 1.132542 -0.975843 0.060847 0.209828 10.237214
0.206545 -0.022913 0.978169 29.536650 0.064817 0.997850 0.009688 1.173381 -0.976288 0.061401 0.207586 10.379457
0.204398 -0.022422 0.978631 30.156531 0.065938 0.997782 0.009089 1.206010 -0.976665 0.062671 0.205424 10.508419
0.202658 -0.022453 0.978992 30.792514 0.066522 0.997743 0.009113 1.240029 -0.976987 0.063278 0.203695 10.640441
0.201095 -0.021033 0.979346 31.520576 0.066011 0.997788 0.007874 1.263726 -0.977345 0.063064 0.202039 10.792371
0.199524 -0.018463 0.979719 32.199166 0.064768 0.997885 0.005615 1.301715 -0.977750 0.062334 0.200298 10.935803
0.197992 -0.015849 0.980075 32.893161 0.064689 0.997901 0.003069 1.337298 -0.978067 0.062793 0.198602 11.078240
0.196317 -0.014786 0.980429 33.678076 0.066245 0.997802 0.001783 1.378436 -0.978300 0.064598 0.196865 11.236068
0.194331 -0.015598 0.980812 34.411049 0.066918 0.997755 0.002609 1.409856 -0.978651 0.065127 0.194938 11.381889
0.192535 -0.018109 0.981123 35.161710 0.066998 0.997739 0.005268 1.437956 -0.979000 0.064719 0.193313 11.530691
0.190881 -0.020234 0.981405 36.011528 0.070227 0.997507 0.006907 1.468849 -0.979098 0.067603 0.191826 11.694860
0.190065 -0.020690 0.981553 36.794611 0.073437 0.997277 0.006801 1.493461 -0.979021 0.070790 0.191067 11.845714
0.189992 -0.021215 0.981556 37.591196 0.075595 0.997115 0.006919 1.521014 -0.978871 0.072886 0.191048 12.002708
0.191140 -0.022195 0.981312 38.479349 0.077520 0.996963 0.007450 1.547335 -0.978497 0.074647 0.192280 12.177604
0.193411 -0.023204 0.980843 39.297978 0.079824 0.996778 0.007840 1.569629 -0.977865 0.076778 0.194640 12.340509
0.197025 -0.023649 0.980113 40.206328 0.080308 0.996739 0.007907 1.594426 -0.977104 0.077153 0.198282 12.525782
0.200751 -0.023770 0.979354 41.039035 0.080247 0.996745 0.007743 1.619284 -0.976350 0.077036 0.202005 12.703177
0.205629 -0.027356 0.978248 41.877863 0.080755 0.996674 0.010897 1.642349 -0.975293 0.076758 0.207154 12.883731
0.212065 -0.031168 0.976758 42.802208 0.079693 0.996714 0.014503 1.667084 -0.974001 0.074766 0.213852 13.091759
0.217895 -0.031363 0.975468 43.639262 0.079471 0.996735 0.014295 1.691011 -0.972731 0.074407 0.219676 13.288718
0.224011 -0.028233 0.974177 44.471736 0.078480 0.996857 0.010844 1.715549 -0.971422 0.074024 0.225523 13.490236
0.230550 -0.025738 0.972720 45.387201 0.075808 0.997087 0.008415 1.735904 -0.970103 0.071800 0.231830 13.719651
0.236095 -0.024642 0.971417 46.218275 0.072908 0.997310 0.007579 1.740643 -0.968991 0.069035 0.237257 13.927462
0.241870 -0.025793 0.969966 47.052835 0.071034 0.997435 0.008810 1.729284 -0.967705 0.066769 0.243082 14.145914
0.248516 -0.026477 0.968266 47.966783 0.066896 0.997709 0.010113 1.732644 -0.966315 0.062260 0.249718 14.394325
0.253347 -0.026156 0.967022 48.795975 0.063380 0.997935 0.010387 1.734127 -0.965297 0.058658 0.254481 14.627502
0.257560 -0.023793 0.965969 49.617528 0.063531 0.997951 0.007641 1.739992 -0.964172 0.059401 0.258544 14.855899
0.261392 -0.021137 0.965001 50.514759 0.061916 0.998068 0.005090 1.744234 -0.963245 0.058419 0.262196 15.112331
0.264086 -0.019779 0.964296 51.328755 0.058870 0.998256 0.004353 1.749780 -0.962701 0.055618 0.264789 15.348440
0.266336 -0.021165 0.963648 52.143062 0.057096 0.998350 0.006147 1.755558 -0.962188 0.053384 0.267105 15.584982
0.267526 -0.022397 0.963290 53.035758 0.056513 0.998374 0.007518 1.770668 -0.961892 0.052427 0.268356 15.835475
0.266838 -0.021925 0.963492 53.843277 0.053632 0.998530 0.007869 1.786445 -0.962248 0.049574 0.267622 16.063209
0.263798 -0.019625 0.964378 54.646988 0.051026 0.998677 0.006366 1.803338 -0.963228 0.047529 0.264450 16.287407
0.258453 -0.016198 0.965888 55.531150 0.046896 0.998891 0.004203 1.818962 -0.964885 0.044210 0.258926 16.530265
0.251843 -0.013427 0.967675 56.334515 0.044601 0.999002 0.002254 1.841787 -0.966740 0.042592 0.252191 16.742930
0.243609 -0.012412 0.969794 57.220413 0.044363 0.999014 0.001642 1.869300 -0.968859 0.042624 0.243919 16.965025
0.235958 -0.013876 0.971664 58.026393 0.046012 0.998936 0.003092 1.896534 -0.970673 0.043979 0.236346 17.154612
0.229021 -0.016270 0.973285 58.835882 0.047923 0.998836 0.005421 1.917495 -0.972241 0.045401 0.229534 17.338932
0.222015 -0.017515 0.974886 59.725568 0.048848 0.998783 0.006820 1.942350 -0.973819 0.046107 0.222600 17.536798
0.216250 -0.017862 0.976175 60.536062 0.049343 0.998755 0.007344 1.964826 -0.975090 0.046579 0.216862 17.713311
0.210442 -0.018272 0.977436 61.347399 0.048991 0.998766 0.008123 1.987452 -0.976378 0.046176 0.211077 17.886526
0.204179 -0.019096 0.978747 62.243112 0.049703 0.998722 0.009117 2.021266 -0.977671 0.046786 0.204868 18.072915
0.199373 -0.018882 0.979742 63.057096 0.049931 0.998711 0.009087 2.049631 -0.978651 0.047108 0.200058 18.239158
0.195024 -0.018649 0.980621 63.871866 0.050248 0.998696 0.008999 2.081260 -0.979510 0.047519 0.195707 18.402472
0.190923 -0.018171 0.981437 64.769271 0.049991 0.998711 0.008766 2.109799 -0.980331 0.047390 0.191586 18.578919
0.187204 -0.017803 0.982160 65.585811 0.050440 0.998691 0.008489 2.136685 -0.981025 0.047951 0.187856 18.735685
0.183657 -0.017419 0.982836 66.402642 0.051489 0.998641 0.008077 2.160522 -0.981641 0.049121 0.184304 18.888322
0.180427 -0.018306 0.983418 67.300921 0.051007 0.998656 0.009231 2.173203 -0.982265 0.048495 0.181118 19.052699
0.177731 -0.019964 0.983876 68.118063 0.050866 0.998644 0.011075 2.183969 -0.982764 0.048078 0.178506 19.197542
0.176093 -0.018681 0.984196 68.933223 0.051115 0.998645 0.009810 2.191747 -0.983046 0.048580 0.176809 19.340967
0.174729 -0.014703 0.984507 69.827809 0.052342 0.998613 0.005624 2.196861 -0.983224 0.050549 0.175256 19.497459
0.173592 -0.010992 0.984756 70.640542 0.055316 0.998468 0.001394 2.204996 -0.983263 0.054231 0.173934 19.636217
0.172153 -0.009127 0.985028 71.536782 0.058659 0.998278 -0.001002 2.209253 -0.983322 0.057953 0.172392 19.786501
0.171268 -0.009058 0.985183 72.354544 0.058570 0.998283 -0.001003 2.210024 -0.983482 0.057874 0.171505 19.925810
0.170211 -0.010582 0.985351 73.172473 0.058773 0.998271 0.000568 2.202334 -0.983653 0.057815 0.170538 20.061093
0.168176 -0.012422 0.985679 74.071932 0.060266 0.998180 0.002297 2.202340 -0.983913 0.059017 0.168619 20.207250
0.164366 -0.012158 0.986324 74.883924 0.059374 0.998233 0.002410 2.197526 -0.984611 0.058166 0.164798 20.336517
0.159171 -0.009770 0.987203 75.695751 0.058835 0.998268 0.000393 2.199872 -0.985496 0.058019 0.159470 20.463959
0.153654 -0.007298 0.988098 76.588981 0.058559 0.998282 -0.001733 2.203073 -0.986388 0.058128 0.153817 20.597206
0.147983 -0.006828 0.988966 77.404101 0.060164 0.998186 -0.002111 2.206107 -0.987158 0.059813 0.148125 20.710734
0.142146 -0.008753 0.989807 78.222586 0.063593 0.997976 -0.000308 2.210897 -0.987801 0.062989 0.142415 20.817128
0.135402 -0.014246 0.990688 79.124795 0.066556 0.997769 0.005251 2.219997 -0.988553 0.065225 0.136048 20.928096
0.129300 -0.020430 0.991395 79.948682 0.065849 0.997758 0.011973 2.225741 -0.989417 0.063734 0.130355 21.031246
0.123382 -0.023212 0.992088 80.769175 0.064843 0.997778 0.015281 2.228772 -0.990238 0.062445 0.124613 21.131235
0.117634 -0.017851 0.992897 81.664583 0.065364 0.997809 0.010195 2.243388 -0.990904 0.063700 0.118543 21.233374
0.112112 -0.012500 0.993617 82.477218 0.067244 0.997724 0.004965 2.254866 -0.991418 0.066258 0.112697 21.318558
0.106780 -0.009486 0.994237 83.292077 0.068999 0.997615 0.002108 2.264216 -0.991886 0.068376 0.107179 21.399431
0.102301 -0.007425 0.994726 84.190644 0.069392 0.997589 0.000310 2.271953 -0.992330 0.068994 0.102570 21.491799
0.099101 -0.007177 0.995051 85.009651 0.073777 0.997275 -0.000154 2.280654 -0.992339 0.073427 0.099361 21.568101
0.096503 -0.007700 0.995303 85.831542 0.078517 0.996913 0.000100 2.294679 -0.992231 0.078139 0.096809 21.641683
0.092852 -0.010525 0.995624 86.735905 0.083596 0.996496 0.002739 2.309077 -0.992165 0.082975 0.093407 21.720130
0.090212 -0.011701 0.995854 87.555328 0.086910 0.996209 0.003832 2.320332 -0.992123 0.086204 0.090887 21.790011
0.088269 -0.010221 0.996044 88.456156 0.091071 0.995842 0.002149 2.338622 -0.991925 0.090521 0.088833 21.862117
0.086650 -0.009437 0.996194 89.276136 0.095754 0.995404 0.001101 2.355828 -0.991626 0.095294 0.087155 21.924936
0.085150 -0.011087 0.996306 90.099707 0.098281 0.995155 0.002674 2.374092 -0.991509 0.097691 0.085827 21.989711
0.083293 -0.015815 0.996400 91.007006 0.100589 0.994901 0.007383 2.390519 -0.991435 0.099612 0.084459 22.060656
0.081619 -0.016448 0.996528 91.831496 0.102283 0.994723 0.008041 2.411140 -0.991401 0.101271 0.082871 22.123875
0.080093 -0.012503 0.996709 92.650320 0.103371 0.994634 0.004170 2.429736 -0.991413 0.102697 0.080956 22.186628
0.078536 -0.004373 0.996902 93.546894 0.102886 0.994686 -0.003742 2.453351 -0.991588 0.102861 0.078569 22.257607
0.076244 0.000218 0.997089 94.363448 0.103546 0.994591 -0.008135 2.470162 -0.991698 0.103865 0.075809 22.316823
0.073107 -0.000612 0.997324 95.183016 0.104980 0.994449 -0.007085 2.482011 -0.991784 0.105217 0.072766 22.369949
0.068238 -0.004199 0.997660 96.082699 0.104191 0.994553 -0.002940 2.491068 -0.992214 0.104148 0.068304 22.423652
0.062965 -0.003716 0.998009 96.893936 0.103213 0.994655 -0.002809 2.501222 -0.992664 0.103184 0.063012 22.470217
0.057016 -0.001777 0.998372 97.702237 0.101760 0.994801 -0.004040 2.515892 -0.993174 0.101825 0.056900 22.512737
0.048739 -0.000969 0.998811 98.591971 0.102152 0.994761 -0.004019 2.531524 -0.993574 0.102226 0.048583 22.549712
0.040275 -0.001085 0.999188 99.400637 0.101256 0.994856 -0.003001 2.541238 -0.994045 0.101294 0.040178 22.573381
0.031408 -0.000268 0.999507 100.208886 0.097082 0.995273 -0.002783 2.548704 -0.994781 0.097121 0.031286 22.594486
0.021862 0.004681 0.999750 101.094204 0.096796 0.995281 -0.006777 2.561385 -0.995064 0.096920 0.021306 22.605235
0.013572 0.006268 0.999888 101.901554 0.096258 0.995328 -0.007546 2.572941 -0.995264 0.096350 0.012905 22.608078
0.005191 0.005620 0.999971 102.710598 0.092290 0.995714 -0.006076 2.580673 -0.995719 0.092319 0.004650 22.609429
-0.003855 0.002077 0.999990 103.603087 0.089852 0.995954 -0.001722 2.588621 -0.995948 0.089844 -0.004026 22.601458
-0.010990 0.000818 0.999939 104.414078 0.094082 0.995564 0.000220 2.602048 -0.995504 0.094078 -0.011018 22.580171
-0.018216 -0.000760 0.999834 105.305769 0.095001 0.995474 0.002487 2.616765 -0.995311 0.095031 -0.018061 22.551938
-0.023461 0.003024 0.999720 106.112608 0.092421 0.995720 -0.000843 2.628527 -0.995444 0.092375 -0.023640 22.529778
-0.027511 0.009118 0.999580 106.917868 0.092300 0.995710 -0.006542 2.639190 -0.995351 0.092081 -0.028235 22.500206
-0.031464 0.015925 0.999378 107.804877 0.094364 0.995454 -0.012891 2.648474 -0.995040 0.093900 -0.032824 22.460680
-0.035643 0.013643 0.999271 108.622212 0.088941 0.995982 -0.010426 2.651287 -0.995399 0.088505 -0.036713 22.433402
-0.039068 0.009755 0.999189 109.444436 0.083116 0.996519 -0.006479 2.655606 -0.995774 0.082795 -0.039743 22.405176
-0.042055 0.008885 0.999076 110.348559 0.078578 0.996892 -0.005558 2.658708 -0.996021 0.078272 -0.042622 22.366847
-0.044586 0.008375 0.998970 111.173067 0.076384 0.997066 -0.004950 2.666198 -0.996081 0.076084 -0.045095 22.327880
-0.047546 0.010879 0.998810 112.080308 0.077687 0.996952 -0.007161 2.676690 -0.995844 0.077254 -0.048246 22.277347
-0.050033 0.009908 0.998698 112.912988 0.077864 0.996946 -0.005990 2.683494 -0.995708 0.077463 -0.050651 22.229301
-0.052326 0.009744 0.998582 113.745515 0.079239 0.996840 -0.005575 2.686857 -0.995481 0.078835 -0.052933 22.175286
-0.054339 0.010058 0.998472 114.580835 0.079594 0.996811 -0.005709 2.689407 -0.995345 0.079162 -0.054966 22.119049
-0.056338 0.012623 0.998332 115.502433 0.079976 0.996764 -0.008090 2.695640 -0.995203 0.079387 -0.057166 22.046784
-0.058085 0.015293 0.998194 116.342398 0.080752 0.996678 -0.010571 2.699310 -0.995040 0.079992 -0.059127 21.974525
-0.059609 0.018157 0.998057 117.276133 0.080863 0.996636 -0.013302 2.704386 -0.994941 0.079913 -0.060877 21.900005
-0.061288 0.018614 0.997946 118.130664 0.080397 0.996669 -0.013653 2.706063 -0.994877 0.079395 -0.062580 21.828730
-0.062575 0.018426 0.997870 118.993455 0.078560 0.996818 -0.013480 2.708057 -0.994944 0.077549 -0.063823 21.761295
-0.063936 0.017668 0.997797 119.860821 0.078826 0.996809 -0.012600 2.708910 -0.994836 0.077847 -0.065125 21.690871
-0.065278 0.016208 0.997735 120.822773 0.079088 0.996807 -0.011019 2.714284 -0.994728 0.078190 -0.066351 21.596304
-0.066707 0.014768 0.997663 121.699514 0.080210 0.996734 -0.009391 2.716687 -0.994543 0.079396 -0.067673 21.516643
-0.067908 0.014948 0.997580 122.578908 0.081177 0.996655 -0.009409 2.719266 -0.994384 0.080341 -0.068895 21.432709
-0.069082 0.018501 0.997439 123.553777 0.079950 0.996715 -0.012950 2.721761 -0.994402 0.078850 -0.070335 21.346686
-0.070117 0.021414 0.997309 124.444200 0.080497 0.996631 -0.015740 2.720791 -0.994286 0.079176 -0.071605 21.263342
-0.071040 0.022392 0.997222 125.344537 0.080772 0.996594 -0.016624 2.721989 -0.994198 0.079366 -0.072606 21.181018
-0.072482 0.019927 0.997171 126.341593 0.078901 0.996782 -0.014184 2.719426 -0.994244 0.077650 -0.073821 21.090495
-0.073370 0.019539 0.997113 127.251018 0.078558 0.996815 -0.013753 2.714019 -0.994206 0.077323 -0.074671 21.013332
-0.074100 0.019473 0.997061 128.251548 0.079690 0.996728 -0.013544 2.707755 -0.994062 0.078452 -0.075409 20.925257
-0.075035 0.019762 0.996985 129.162071 0.079260 0.996759 -0.013792 2.701623 -0.994026 0.077986 -0.076358 20.845014
-0.075416 0.020733 0.996937 130.073008 0.079023 0.996764 -0.014751 2.689762 -0.994016 0.077668 -0.076810 20.768946
-0.075478 0.022169 0.996901 131.072094 0.081045 0.996582 -0.016026 2.674578 -0.993849 0.079584 -0.077016 20.683471
-0.076002 0.022332 0.996858 131.984027 0.083672 0.996366 -0.015941 2.657908 -0.993591 0.082198 -0.077594 20.605110
-0.076344 0.022101 0.996837 132.895620 0.082571 0.996460 -0.015769 2.632143 -0.993657 0.081106 -0.077898 20.532319
-0.077750 0.022398 0.996721 133.896763 0.082509 0.996463 -0.015956 2.614523 -0.993553 0.080997 -0.079323 20.447517
-0.078608 0.021505 0.996674 134.804101 0.081819 0.996534 -0.015049 2.591015 -0.993542 0.080364 -0.080095 20.369098
-0.080226 0.018613 0.996603 135.708610 0.082773 0.996497 -0.011948 2.573577 -0.993334 0.081533 -0.081486 20.285303
-0.081252 0.017932 0.996532 136.693524 0.085420 0.996285 -0.010962 2.555592 -0.993027 0.084233 -0.082482 20.191989
-0.081007 0.020181 0.996509 137.579977 0.086554 0.996161 -0.013138 2.539721 -0.992948 0.085187 -0.082443 20.107186
-0.079700 0.023407 0.996544 138.546638 0.089428 0.995861 -0.016239 2.520643 -0.992799 0.087825 -0.081464 20.014567
-0.077431 0.024872 0.996687 139.421618 0.093132 0.995498 -0.017607 2.505954 -0.992638 0.091460 -0.079399 19.929417
-0.074357 0.025245 0.996912 140.292122 0.096594 0.995161 -0.017996 2.493655 -0.992543 0.094958 -0.076435 19.853749
-0.070891 0.023766 0.997201 141.157747 0.096667 0.995174 -0.016846 2.478440 -0.992789 0.095202 -0.072846 19.788073
-0.067127 0.021705 0.997508 142.102835 0.098468 0.995027 -0.015025 2.463558 -0.992874 0.097214 -0.068930 19.715066
-0.063720 0.020767 0.997752 142.953567 0.098094 0.995072 -0.014447 2.444837 -0.993135 0.096953 -0.065443 19.656426
-0.060950 0.023640 0.997861 143.881621 0.096646 0.995162 -0.017673 2.431094 -0.993451 0.095362 -0.062940 19.597458
-0.058559 0.025861 0.997949 144.718558 0.097124 0.995070 -0.020087 2.419908 -0.993548 0.095749 -0.060782 19.556500
-0.056564 0.026824 0.998039 145.555557 0.098534 0.994909 -0.021156 2.410277 -0.993525 0.097144 -0.058919 19.507355
-0.055027 0.025945 0.998148 146.391282 0.099862 0.994793 -0.020353 2.393458 -0.993479 0.098557 -0.057331 19.459308
-0.053347 0.026382 0.998227 147.304401 0.100925 0.994675 -0.020895 2.372014 -0.993463 0.099632 -0.055726 19.411760
-0.051725 0.028644 0.998250 148.132011 0.100886 0.994625 -0.023313 2.356914 -0.993553 0.099503 -0.054336 19.366547
-0.050127 0.028379 0.998340 149.041723 0.099498 0.994765 -0.023281 2.340787 -0.993774 0.098166 -0.052688 19.322395
-0.048451 0.027490 0.998447 149.867222 0.097911 0.994938 -0.022642 2.325195 -0.994015 0.096662 -0.050898 19.280479
-0.046996 0.027176 0.998525 150.685927 0.096694 0.995059 -0.022531 2.303469 -0.994204 0.095492 -0.049391 19.244360
-0.045755 0.029209 0.998526 151.585869 0.095165 0.995154 -0.024750 2.284958 -0.994409 0.093892 -0.048313 19.207565
-0.044169 0.030235 0.998566 152.401547 0.092386 0.995382 -0.026052 2.262568 -0.994743 0.091103 -0.046759 19.191000
-0.041939 0.030996 0.998639 153.215095 0.093304 0.995272 -0.026973 2.243043 -0.994754 0.092045 -0.044632 19.167320
-0.037789 0.032072 0.998771 154.107793 0.097120 0.994871 -0.028272 2.220209 -0.994555 0.095933 -0.040710 19.141786
-0.033193 0.032239 0.998929 154.919302 0.097671 0.994800 -0.028860 2.199672 -0.994665 0.096608 -0.036169 19.121175
-0.028700 0.032214 0.999069 155.730618 0.094213 0.995118 -0.029380 2.175730 -0.995138 0.093282 -0.031595 19.109269
-0.023439 0.035431 0.999097 156.620461 0.091927 0.995214 -0.033137 2.148999 -0.995490 0.091067 -0.026584 19.100888
-0.018892 0.039636 0.999036 157.429811 0.089817 0.995241 -0.037787 2.127741 -0.995779 0.089017 -0.022362 19.095235
-0.014756 0.039820 0.999098 158.244421 0.087965 0.995384 -0.038373 2.101222 -0.996014 0.087320 -0.018191 19.098561
-0.010117 0.035626 0.999314 159.146286 0.085177 0.995764 -0.034637 2.072931 -0.996315 0.084768 -0.013109 19.093223
-0.006233 0.035319 0.999357 159.963739 0.081321 0.996084 -0.034696 2.046089 -0.996669 0.081053 -0.009081 19.093548
-0.001968 0.039084 0.999234 160.855750 0.080241 0.996020 -0.038800 2.019796 -0.996774 0.080103 -0.005097 19.088163
0.001236 0.044063 0.999028 161.665054 0.077682 0.996006 -0.044026 1.998014 -0.996977 0.077661 -0.002192 19.088012
0.002907 0.045218 0.998973 162.480682 0.074403 0.996198 -0.045309 1.969270 -0.997224 0.074458 -0.000469 19.091515
0.003924 0.040553 0.999170 163.304957 0.071950 0.996576 -0.040730 1.939122 -0.997401 0.072051 0.000993 19.088348
0.004504 0.036408 0.999327 164.211177 0.065272 0.997195 -0.036624 1.902108 -0.997857 0.065393 0.002115 19.087049
0.004503 0.035620 0.999355 165.030000 0.065511 0.997208 -0.035838 1.871624 -0.997842 0.065630 0.002157 19.076256
0.004298 0.040043 0.999189 165.924648 0.067124 0.996933 -0.040241 1.842422 -0.997735 0.067243 0.001597 19.058162
0.002974 0.043321 0.999057 166.738596 0.068388 0.996713 -0.043423 1.817336 -0.997654 0.068453 0.000002 19.042886
0.000623 0.044429 0.999012 167.552055 0.068869 0.996639 -0.044366 1.782244 -0.997626 0.068828 -0.002438 19.025273
-0.001912 0.043906 0.999034 168.449449 0.067523 0.996761 -0.043677 1.746719 -0.997716 0.067374 -0.004871 19.008074
-0.006216 0.044711 0.998981 169.261258 0.066025 0.996838 -0.044204 1.714313 -0.997799 0.065683 -0.009149 18.990500
-0.012256 0.043663 0.998971 170.073323 0.060320 0.997259 -0.042848 1.684170 -0.998104 0.059733 -0.014857 18.977826
-0.020984 0.041382 0.998923 170.964274 0.057157 0.997559 -0.040125 1.644735 -0.998145 0.056254 -0.023298 18.953513
-0.029425 0.039591 0.998783 171.773688 0.056652 0.997675 -0.037878 1.613526 -0.997960 0.055469 -0.031600 18.919660
-0.038486 0.040824 0.998425 172.579562 0.057074 0.997624 -0.038592 1.587330 -0.997628 0.055499 -0.040724 18.876966
-0.048853 0.041170 0.997957 173.466658 0.060366 0.997445 -0.038194 1.559924 -0.996980 0.058376 -0.051214 18.817563
-0.057937 0.040638 0.997493 174.277182 0.064110 0.997260 -0.036905 1.541446 -0.996260 0.061811 -0.060384 18.756945
-0.066924 0.040422 0.996939 175.084756 0.067928 0.997045 -0.035866 1.518379 -0.995443 0.065320 -0.069472 18.688929
-0.077345 0.042938 0.996079 176.010013 0.070425 0.996812 -0.037501 1.493817 -0.994514 0.067248 -0.080123 18.597726
-0.087743 0.045504 0.995103 176.935115 0.072912 0.996570 -0.039142 1.469251 -0.993471 0.069121 -0.090760 18.506613
-0.095697 0.049013 0.994203 177.665257 0.074016 0.996372 -0.041996 1.449188 -0.992655 0.069568 -0.098977 18.423863
-0.104210 0.052245 0.993182 178.479898 0.074292 0.996238 -0.044611 1.422831 -0.991777 0.069136 -0.107699 18.327434
-0.112309 0.053062 0.992256 179.297813 0.075463 0.996145 -0.044729 1.395206 -0.990804 0.069855 -0.115880 18.222294
-0.119916 0.051991 0.991422 180.203619 0.077703 0.996056 -0.042836 1.364772 -0.989739 0.071900 -0.123483 18.097899
-0.125601 0.050481 0.990796 181.031070 0.080746 0.995911 -0.040506 1.340240 -0.988789 0.074915 -0.129164 17.977278
-0.129840 0.048651 0.990341 181.862628 0.083687 0.995769 -0.037946 1.316606 -0.987997 0.077951 -0.133362 17.852783
-0.133302 0.047296 0.989946 182.781310 0.086454 0.995608 -0.035924 1.291454 -0.987297 0.080796 -0.136805 17.712800
-0.136375 0.046160 0.989581 183.619121 0.090414 0.995325 -0.033968 1.270698 -0.986523 0.084839 -0.139911 17.581277
-0.138889 0.045831 0.989247 184.460578 0.093126 0.995106 -0.033028 1.248715 -0.985920 0.087537 -0.142478 17.448281
-0.141220 0.046519 0.988885 185.389098 0.096687 0.994768 -0.032988 1.227323 -0.985246 0.090954 -0.144979 17.297882
-0.142437 0.047971 0.988641 186.239634 0.100534 0.994361 -0.033764 1.209508 -0.984685 0.094583 -0.146457 17.160317
-0.143545 0.049940 0.988383 187.097589 0.103860 0.993971 -0.035138 1.191686 -0.984179 0.097609 -0.147866 17.025196
-0.144717 0.051676 0.988123 188.045407 0.106014 0.993697 -0.036441 1.165925 -0.983778 0.099481 -0.149283 16.878481
-0.145496 0.053121 0.987932 188.900687 0.107612 0.993483 -0.037571 1.147880 -0.983489 0.100847 -0.150264 16.739271
-0.145947 0.051177 0.987968 189.763340 0.110787 0.993225 -0.035083 1.132048 -0.983070 0.104334 -0.150628 16.596406
-0.145814 0.047778 0.988158 190.717473 0.113777 0.993016 -0.031224 1.114124 -0.982748 0.107877 -0.150232 16.438520
-0.145800 0.045248 0.988279 191.588720 0.114100 0.993057 -0.028634 1.095480 -0.982712 0.108588 -0.149951 16.297918
-0.145586 0.047177 0.988220 192.459106 0.115659 0.992825 -0.030358 1.080304 -0.982562 0.109877 -0.149998 16.157573
-0.145475 0.048308 0.988182 193.422615 0.117642 0.992566 -0.031203 1.066370 -0.982343 0.111713 -0.150076 16.000682
-0.145667 0.047449 0.988195 194.299877 0.117196 0.992644 -0.030388 1.047979 -0.982368 0.111386 -0.150156 15.869851
-0.146807 0.043826 0.988194 195.181457 0.115567 0.992936 -0.026868 1.031038 -0.982391 0.110258 -0.150835 15.743146
-0.148602 0.043794 0.987927 196.147770 0.116515 0.992836 -0.026486 1.005342 -0.982009 0.111173 -0.152640 15.600670
-0.150890 0.045070 0.987523 197.028028 0.116951 0.992759 -0.027439 0.987120 -0.981608 0.111352 -0.155068 15.463531
-0.153261 0.051427 0.986847 197.992016 0.116528 0.992618 -0.033630 0.965759 -0.981291 0.109842 -0.158122 15.313994
-0.155403 0.053674 0.986392 198.873242 0.118405 0.992336 -0.035343 0.947826 -0.980729 0.111301 -0.160568 15.169745
-0.157526 0.053656 0.986056 199.758109 0.119920 0.992172 -0.034831 0.929188 -0.980207 0.112761 -0.162727 15.021870
-0.160165 0.050087 0.985819 200.646751 0.116228 0.992721 -0.031554 0.901548 -0.980224 0.109526 -0.164821 14.879723
-0.163072 0.047864 0.985452 201.624239 0.107116 0.993777 -0.030543 0.874853 -0.980782 0.100577 -0.167185 14.725976
-0.165486 0.053763 0.984746 202.504294 0.099535 0.994325 -0.037559 0.846594 -0.981177 0.091801 -0.169898 14.587873
-0.168260 0.063697 0.983683 203.380439 0.095029 0.994310 -0.048131 0.819792 -0.981152 0.085380 -0.173355 14.441619
-0.171747 0.071250 0.982561 204.346447 0.088132 0.994493 -0.056710 0.780523 -0.981191 0.076855 -0.177080 14.280450
-0.174517 0.070707 0.982112 205.231774 0.083098 0.994918 -0.056863 0.740007 -0.981141 0.071688 -0.179506 14.128573
-0.176348 0.065238 0.982164 206.120362 0.081291 0.995358 -0.051519 0.699504 -0.980965 0.070756 -0.180833 13.966611
-0.178058 0.061488 0.982097 207.094287 0.084401 0.995322 -0.047014 0.657885 -0.980394 0.074518 -0.182415 13.781408
-0.179486 0.061726 0.981822 207.975449 0.087346 0.995088 -0.046593 0.626063 -0.979875 0.077395 -0.183996 13.610592
-0.180915 0.061513 0.981573 208.943721 0.088745 0.994992 -0.045997 0.591749 -0.979487 0.078788 -0.185467 13.424936
-0.181902 0.060580 0.981449 209.824154 0.088677 0.995044 -0.044983 0.561947 -0.979310 0.078849 -0.186373 13.255781
-0.182922 0.059094 0.981350 210.703974 0.088451 0.995133 -0.043437 0.531142 -0.979140 0.078856 -0.187259 13.086921
-0.184041 0.058727 0.981163 211.669826 0.087990 0.995190 -0.043062 0.499489 -0.978972 0.078407 -0.188323 12.900229
-0.185123 0.060021 0.980881 212.545555 0.088348 0.995108 -0.044218 0.471768 -0.978736 0.078473 -0.189521 12.730736
-0.185512 0.062228 0.980670 213.419483 0.090089 0.994867 -0.046087 0.444489 -0.978504 0.079797 -0.190165 12.557943
-0.185352 0.065315 0.980499 214.379665 0.093671 0.994419 -0.048535 0.412424 -0.978198 0.082849 -0.190436 12.364884
-0.184116 0.066407 0.980659 215.253679 0.098579 0.993932 -0.048798 0.385936 -0.977949 0.087688 -0.189545 12.187518
-0.181765 0.066246 0.981108 216.129765 0.103201 0.993503 -0.047963 0.357654 -0.977912 0.092533 -0.187421 12.010787
-0.178597 0.065268 0.981755 217.095613 0.106573 0.993210 -0.046642 0.325220 -0.978134 0.096298 -0.184340 11.821652
-0.175568 0.064885 0.982327 217.974623 0.107317 0.993141 -0.046418 0.295965 -0.978600 0.097271 -0.181327 11.655941
-0.172227 0.064755 0.982927 218.855091 0.107401 0.993123 -0.046608 0.267197 -0.979185 0.097540 -0.177997 11.495353
-0.168487 0.064635 0.983582 219.824957 0.106020 0.993247 -0.047109 0.235470 -0.979986 0.096342 -0.174202 11.324388
-0.164601 0.064975 0.984218 220.707088 0.105136 0.993299 -0.047991 0.206327 -0.980741 0.095577 -0.170329 11.173158
-0.160304 0.064861 0.984934 221.591671 0.104616 0.993335 -0.048388 0.177072 -0.981508 0.095283 -0.166021 11.024535
-0.155682 0.064900 0.985673 222.566544 0.103913 0.993379 -0.048995 0.143577 -0.982327 0.094797 -0.161395 10.864830
-0.151628 0.063979 0.986365 223.456105 0.103644 0.993431 -0.048505 0.114006 -0.982989 0.094877 -0.157263 10.723685
-0.147622 0.062899 0.987042 224.347570 0.103907 0.993439 -0.047767 0.084130 -0.983571 0.095509 -0.153190 10.584434
-0.143265 0.060519 0.987832 225.332404 0.102118 0.993705 -0.046069 0.051809 -0.984402 0.094275 -0.148543 10.438191
-0.140032 0.059017 0.988387 226.229346 0.100983 0.993868 -0.045038 0.023849 -0.984984 0.093504 -0.145133 10.308138
-0.137378 0.057874 0.988826 227.127994 0.100419 0.993962 -0.044223 -0.004028 -0.985415 0.093222 -0.142360 10.180001
-0.135057 0.060241 0.989005 228.114878 0.098935 0.993982 -0.047034 -0.036171 -0.985886 0.091495 -0.140204 10.042623
-0.133197 0.062492 0.989117 229.013682 0.098981 0.993859 -0.049463 -0.063914 -0.986135 0.091316 -0.138565 9.918206
-0.131365 0.065280 0.989182 229.913798 0.099660 0.993644 -0.052339 -0.093814 -0.986312 0.091707 -0.137036 9.793824
-0.129791 0.064663 0.989431 230.909686 0.101301 0.993515 -0.051641 -0.127943 -0.986353 0.093528 -0.135499 9.655797
-0.128101 0.064553 0.989658 231.815720 0.104440 0.993209 -0.051266 -0.160598 -0.986247 0.096793 -0.133973 9.529063
-0.126568 0.065563 0.989789 232.720964 0.103980 0.993193 -0.052492 -0.193530 -0.986493 0.096275 -0.132524 9.407086
-0.124632 0.066809 0.989951 233.719810 0.104895 0.993026 -0.053811 -0.225012 -0.986643 0.097134 -0.130771 9.276471
-0.122402 0.066319 0.990262 234.632701 0.103250 0.993202 -0.053753 -0.257253 -0.987095 0.095665 -0.128418 9.159454
-0.120807 0.065007 0.990545 235.550183 0.101887 0.993395 -0.052768 -0.291855 -0.987433 0.094549 -0.126633 9.037503
-0.118412 0.062232 0.991012 236.559062 0.100551 0.993655 -0.050383 -0.326146 -0.987860 0.093681 -0.123918 8.906555
-0.116186 0.063065 0.991223 237.476669 0.101145 0.993545 -0.051358 -0.357823 -0.988064 0.094290 -0.121814 8.786686
-0.114079 0.065235 0.991327 238.487198 0.102200 0.993318 -0.053605 -0.396983 -0.988201 0.095199 -0.119984 8.663860
-0.112870 0.068172 0.991268 239.409695 0.102317 0.993137 -0.056651 -0.437614 -0.988328 0.095029 -0.119071 8.555941
-0.112092 0.069821 0.991242 240.335707 0.100807 0.993181 -0.058558 -0.477792 -0.988571 0.093360 -0.118366 8.451076
-0.111251 0.070280 0.991304 241.359653 0.099546 0.993267 -0.059247 -0.524061 -0.988794 0.092089 -0.117498 8.325486
-0.110184 0.070051 0.991439 242.298491 0.100692 0.993168 -0.058983 -0.562534 -0.988798 0.093331 -0.116485 8.201619
-0.109079 0.066885 0.991780 243.242672 0.100977 0.993318 -0.055883 -0.602572 -0.988891 0.094052 -0.115104 8.079155
-0.107254 0.065403 0.992078 244.279510 0.103521 0.993145 -0.054281 -0.645661 -0.988828 0.096879 -0.113289 7.942895
-0.105102 0.064776 0.992349 245.222131 0.106006 0.992921 -0.053586 -0.683428 -0.988795 0.099563 -0.111225 7.823127
-0.102816 0.064755 0.992590 246.167277 0.108013 0.992705 -0.053574 -0.725337 -0.988819 0.101705 -0.109061 7.706236
-0.100296 0.064023 0.992896 247.208671 0.107556 0.992777 -0.053150 -0.769313 -0.989127 0.101461 -0.106457 7.586911
-0.098040 0.066479 0.992959 248.156303 0.106844 0.992702 -0.055913 -0.808053 -0.989430 0.100610 -0.104428 7.471277
-0.095599 0.070163 0.992944 249.101259 0.107717 0.992384 -0.059753 -0.846151 -0.989575 0.101244 -0.102428 7.356466
-0.093309 0.071305 0.993081 250.150056 0.105978 0.992477 -0.061304 -0.896470 -0.989981 0.099524 -0.100164 7.249256
-0.091071 0.069874 0.993390 251.109733 0.104056 0.992743 -0.060289 -0.944841 -0.990393 0.097878 -0.097680 7.156336
-0.088806 0.068351 0.993701 252.072787 0.103294 0.992896 -0.059065 -0.993037 -0.990679 0.097398 -0.095235 7.064125
-0.086773 0.068217 0.993890 253.135313 0.101781 0.993039 -0.059272 -1.043638 -0.991015 0.096016 -0.093112 6.963132
-0.085985 0.068728 0.993923 254.099777 0.100175 0.993159 -0.060009 -1.084513 -0.991248 0.094406 -0.092281 6.866102
-0.085886 0.070190 0.993829 255.065581 0.098949 0.993184 -0.061594 -1.131329 -0.991379 0.093048 -0.092245 6.773380
-0.085753 0.071603 0.993740 256.130190 0.098162 0.993169 -0.063091 -1.184790 -0.991469 0.092137 -0.092196 6.674602
-0.085534 0.071984 0.993731 257.102216 0.098615 0.993101 -0.063450 -1.235753 -0.991443 0.092570 -0.092042 6.577453
-0.085248 0.071544 0.993788 258.076611 0.098434 0.993144 -0.063054 -1.288287 -0.991486 0.092447 -0.091706 6.484189
-0.085042 0.071232 0.993828 259.149365 0.098148 0.993189 -0.062788 -1.354468 -0.991532 0.092203 -0.091454 6.385934
-0.084704 0.071397 0.993845 260.124179 0.097592 0.993228 -0.063035 -1.412677 -0.991615 0.091652 -0.091099 6.298186
-0.083910 0.073524 0.993757 261.195465 0.100413 0.992822 -0.064976 -1.474503 -0.991401 0.094334 -0.090690 6.191827
-0.083820 0.074843 0.993666 262.167478 0.099213 0.992848 -0.066412 -1.528096 -0.991530 0.093018 -0.090646 6.097748
-0.083543 0.075408 0.993647 263.139969 0.102018 0.992541 -0.066746 -1.579372 -0.991268 0.095794 -0.090613 6.000890
-0.082925 0.071391 0.993995 264.213045 0.106341 0.992370 -0.062403 -1.635606 -0.990866 0.100528 -0.089884 5.890565
-0.082728 0.071164 0.994028 265.181433 0.104687 0.992549 -0.062346 -1.687225 -0.991058 0.098904 -0.089562 5.795516
-0.082674 0.075113 0.993742 266.144144 0.106460 0.992115 -0.066133 -1.736034 -0.990874 0.100327 -0.090019 5.698102
-0.081926 0.082544 0.993214 267.197177 0.109010 0.991327 -0.073395 -1.788202 -0.990659 0.102258 -0.090213 5.591381
-0.082563 0.082148 0.993194 268.157194 0.105832 0.991684 -0.073226 -1.836986 -0.990951 0.099066 -0.090571 5.492759
-0.082142 0.080233 0.993386 269.118171 0.104083 0.991994 -0.071514 -1.889446 -0.991171 0.097520 -0.089835 5.396566
-0.081485 0.079398 0.993507 270.172177 0.103237 0.992132 -0.070821 -1.951210 -0.991313 0.096796 -0.089041 5.291373
-0.081453 0.081497 0.993340 271.126963 0.101940 0.992106 -0.073037 -2.008306 -0.991450 0.095312 -0.089118 5.200664
-0.081738 0.083431 0.993156 272.079643 0.101271 0.992028 -0.075001 -2.063348 -0.991495 0.094448 -0.089535 5.107206
-0.083108 0.083689 0.993020 273.127271 0.097562 0.992364 -0.075468 -2.121747 -0.991753 0.090609 -0.090638 4.998828
-0.085810 0.083204 0.992831 274.078670 0.096179 0.992544 -0.074867 -2.180885 -0.991658 0.089065 -0.093173 4.900351
-0.088628 0.084397 0.992483 275.027850 0.097660 0.992339 -0.075664 -2.241021 -0.991266 0.090220 -0.096192 4.796249
-0.091395 0.086881 0.992017 276.069843 0.098181 0.992119 -0.077845 -2.307241 -0.990963 0.090282 -0.099205 4.686048
